0,45,5,32,35,31,45,33,2,47,8,21
45,0,38,29,21,42,14,42,32,47,27,1
5,38,0,12,27,49,29,50,3,16,26,20
32,29,12,0,27,14,47,49,16,34,18,26
35,21,27,27,0,46,3,3,46,34,12,45
31,42,49,14,46,0,44,29,30,20,19,24
45,14,29,47,3,44,0,50,23,17,9,38
33,42,50,49,3,29,50,0,40,30,42,3
2,32,3,16,46,30,23,40,0,5,43,13
47,47,16,34,34,20,17,30,5,0,3,6
8,27,26,18,12,19,9,42,43,3,0,6
21,1,20,26,45,24,38,3,13,6,6,0
