0,100,50,27,70,123,90,220,276,14,126,59
100,0,69,202,64,95,195,274,38,82,266,251
50,69,0,149,207,104,120,133,177,121,9,277
27,202,149,0,77,44,48,94,118,40,105,122
70,64,207,77,0,138,299,45,33,230,36,25
123,95,104,44,138,0,144,240,83,99,104,5
90,195,120,48,299,144,0,277,69,85,224,61
220,274,133,94,45,240,277,0,251,130,128,3
276,38,177,118,33,83,69,251,0,282,74,206
14,82,121,40,230,99,85,130,282,0,163,51
126,266,9,105,36,104,224,128,74,163,0,30
59,251,277,122,25,5,61,3,206,51,30,0
