0,57,83,90,33,88,81,79,65,96,70,17
57,0,65,62,13,97,85,13,46,83,62,86
83,65,0,50,11,84,41,24,90,80,88,22
90,62,50,0,56,27,41,30,31,90,84,6
33,13,11,56,0,60,18,88,94,74,60,88
88,97,84,27,60,0,1,45,99,61,1,13
81,85,41,41,18,1,0,15,72,79,31,40
79,13,24,30,88,45,15,0,88,79,31,46
65,46,90,31,94,99,72,88,0,49,34,19
96,83,80,90,74,61,79,79,49,0,43,14
70,62,88,84,60,1,31,31,34,43,0,78
17,86,22,6,88,13,40,46,19,14,78,0
